1	[5;84;183]	[[8768,1.0,[5 84 183]];[8823,1.0,[5 84 183]];[18360,1.0,[5 82 1399]];[22474,1.0,[5 82 1399]];[23332,1.0,[5 1335]];[23926,1.0,[5 84 183]];[28007,1.0,[5 84 183]];[44408,1.0,[5 84 183]];[45552,1.0,[5 84 183]];[47334,1.0,[5 84 183]]]
23	[5;84;198]	[[5743,1.0,[5 84 198]];[6084,1.0,[5 82 1399]];[6370,1.0,[5 82 1399]];[6480,1.0,[5 85 1357]];[7657,1.0,[5 84 198]];[8977,1.0,[5 84 198]];[11683,1.0,[5 84 198]];[15841,1.0,[5 84 198]];[20054,1.0,[5 84 198]];[20208,1.0,[5 84 198]]]
45	[5;84;182]	[[120225,0.75,[5 84 182]];[26511,0.6666666666666666,[5 84 182]];[109693,0.6666666666666666,[5 84 182]];[190147,0.6666666666666666,[5 84 182]];[301269,0.6666666666666666,[5 84 182]];[388917,0.6666666666666666,[5 84 182]];[392844,0.6666666666666666,[5 84 182]];[405428,0.6666666666666666,[5 84 182]];[415339,0.6666666666666666,[5 84 182]];[93953,0.6666666666666666,[5 84 182]]]
56	[88;235]	[[672,1.0,[628 565 722]];[826,1.0,[88 230]];[848,1.0,[88 230]];[1464,1.0,[88 517]];[1860,1.0,[628 565 721]];[3961,1.0,[767 100]];[4610,1.0,[628 565 721]];[5028,1.0,[49 1485 733]];[5391,1.0,[87 219]];[6139,1.0,[88 230]]]
67	[3;1307;15]	[[342,1.0,[3 1307 15]];[1442,1.0,[3 1307 15]];[2454,1.0,[3 1289]];[11771,1.0,[3 1307 15]];[13586,1.0,[3 1307 15]];[15929,1.0,[3 1307 15]];[17161,1.0,[3 1307 14]];[19306,1.0,[3 1307 14]];[19812,1.0,[3 1307 14]];[20505,1.0,[3 1307 14]]]
78	[88;734]	[[320,1.0,[88 734]];[1376,1.0,[88 734]];[12266,1.0,[767 465]];[17106,1.0,[88 734]];[17238,1.0,[87 224]];[17799,1.0,[87 224]];[18668,1.0,[87 224]];[20483,1.0,[87 224]];[21000,1.0,[87 405]];[24839,1.0,[5 1335]]]
100	[5;82;1399]	[[255564,0.6666666666666666,[5 84 207]];[269193,0.6666666666666666,[5 82 1399]];[213903,0.6666666666666666,[5 84 207]];[269156,0.6666666666666666,[5 82 1399]];[386,0.5,[87 642]];[2520,0.5,[5 82 1399]];[3851,0.5,[5 82 1399]];[3983,0.5,[5 82 1399]];[4522,0.5,[5 82 1399]];[11936,0.5,[628 565 724]]]
111	[5;84;203]	[[444070,0.6666666666666666,[5 84 197]];[85977,0.5,[628 1409 1291]];[284956,0.5,[5 84 192]];[345819,0.5,[5 84 186]];[103336,0.5,[5 84 206]];[277686,0.5,[87 642]];[280040,0.5,[5 658 1383]];[287817,0.5,[5 84 205]];[322159,0.5,[5 84 194]];[36215,0.5,[5 84 199]]]
122	[628;584]	[[347986,1.0,[628 292]];[357985,1.0,[5 85 1355]];[191219,1.0,[628 1193]];[407306,1.0,[767 431]];[224212,1.0,[5 1333 1397]];[25171,0.6666666666666666,[767 461]];[258262,0.6666666666666666,[5 81 1375]];[1134,0.5,[628 292]];[2058,0.5,[99 728]];[6568,0.5,[88 235]]]
133	[88;516]	[[7393,1.0,[88 516]];[8229,1.0,[5 1333 1395]];[9769,1.0,[88 516]];[11375,1.0,[628 584]];[12739,1.0,[88 516]];[15027,1.0,[88 516]];[15115,1.0,[628 584]];[16424,1.0,[88 516]];[22441,1.0,[628 732]];[22595,1.0,[88 516]]]
155	[4;1443]	[[4632,1.0,[4 1435]];[7151,1.0,[4 1445]];[7239,1.0,[4 1215]];[8383,1.0,[4 1447]];[10803,1.0,[4 1443]];[16127,1.0,[4 1469]];[16325,1.0,[4 1443]];[24784,1.0,[4 53]];[27941,1.0,[4 1443]];[28766,1.0,[4 1441]]]
166	[4;1437;1473]	[[268390,1.0,[4 1443]];[40581,1.0,[4 1443]];[233257,1.0,[4 1447]];[9672,1.0,[4 65]];[239715,1.0,[4 65]];[19287,1.0,[4 1435]];[227308,1.0,[4 1421]];[147583,1.0,[4 164]];[319623,1.0,[4 1447]];[41,1.0,[4 1437 1473]]]
177	[87;642]	[[14389,1.0,[87 224]];[110133,1.0,[87 642]];[203985,1.0,[87 224]];[208198,1.0,[88 230]];[212015,1.0,[87 642]];[223741,1.0,[88 734]];[296297,1.0,[88 230]];[296759,1.0,[49 1485 733]];[301544,1.0,[87 642]];[361373,1.0,[87 642]]]
199	[88;230]	[[4764,1.0,[88 230]];[29118,1.0,[87 642]];[40404,1.0,[87 642]];[55034,1.0,[88 230]];[132958,1.0,[87 642]];[143243,1.0,[88 230]];[182172,1.0,[87 642]];[192644,1.0,[87 642]];[199508,1.0,[87 642]];[203952,1.0,[88 230]]]
232	[88;230]	[[3840,0.75,[87 642]];[96284,0.75,[87 642]];[230352,0.75,[87 642]];[99288,0.75,[87 642]];[259954,0.75,[87 642]];[316648,0.75,[87 642]];[318991,0.75,[87 642]];[319761,0.75,[87 642]];[324128,0.75,[87 642]];[328781,0.75,[87 642]]]
254	[5;658;1385]	[[207736,1.0,[5 658 1385]];[227724,1.0,[5 658 1385]];[486950,1.0,[5 658 1387]];[386841,1.0,[5 658 1387]];[182904,1.0,[5 658 1387]];[103188,1.0,[5 658 1387]];[179774,0.75,[5 658 1387]];[320827,0.75,[5 658 1387]];[98382,0.75,[5 84 183]];[323222,0.75,[5 658 1385]]]
265	[87;506]	[[334512,1.0,[628 279]];[373487,1.0,[87 506]];[43312,1.0,[99 101 388]];[110104,1.0,[628 565 719]];[421646,1.0,[628 292]];[161017,1.0,[87 401]];[400069,1.0,[751 715]];[441309,1.0,[87 642]];[474222,0.6666666666666666,[87 224]];[145818,0.6666666666666666,[87 642]]]
276	[88;734]	[[639,1.0,[5 658 1383]];[1211,1.0,[5 658 1383]];[1585,1.0,[88 231]];[3906,1.0,[87 406]];[4104,1.0,[99 101 390]];[4731,1.0,[103 1457]];[5050,1.0,[99 101 1479]];[5314,1.0,[87 626]];[6447,1.0,[88 231]];[6502,1.0,[87 224]]]
298	[5;84;207]	[[16908,1.0,[5 82 1401]];[56277,1.0,[5 82 1399]];[80730,1.0,[5 82 1399]];[85350,1.0,[5 82 1399]];[105480,1.0,[5 82 1403]];[113290,1.0,[5 82 1465]];[119296,1.0,[5 82 1399]];[125005,1.0,[5 84 207]];[129372,1.0,[5 658 1387]];[130604,1.0,[619 297]]]
309	[5;81;1377]	[[217174,1.0,[5 84 183]];[262351,1.0,[5 84 183]];[418463,1.0,[5 82 1399]];[136138,1.0,[5 84 183]];[293119,1.0,[5 84 207]];[301392,1.0,[5 82 1399]];[382352,1.0,[5 84 183]];[418762,1.0,[5 82 1399]];[450200,1.0,[5 84 183]];[458109,1.0,[5 84 183]]]
320	[88;734]	[[78,1.0,[88 734]];[1376,1.0,[88 734]];[12266,1.0,[767 465]];[17106,1.0,[88 734]];[17238,1.0,[87 224]];[17799,1.0,[87 224]];[18668,1.0,[87 224]];[20483,1.0,[87 224]];[21000,1.0,[87 405]];[24839,1.0,[5 1335]]]
331	[87;642]	[[705,1.0,[87 642]];[3389,1.0,[87 642]];[4940,1.0,[87 642]];[5952,1.0,[87 642]];[5974,1.0,[87 642]];[6128,1.0,[87 642]];[7096,1.0,[88 230]];[7569,1.0,[87 642]];[7591,1.0,[87 642]];[9395,1.0,[88 230]]]
342	[3;1307;15]	[[67,1.0,[3 1307 15]];[1442,1.0,[3 1307 15]];[2454,1.0,[3 1289]];[11771,1.0,[3 1307 15]];[13586,1.0,[3 1307 15]];[15929,1.0,[3 1307 15]];[17161,1.0,[3 1307 14]];[19306,1.0,[3 1307 14]];[19812,1.0,[3 1307 14]];[20505,1.0,[3 1307 14]]]
353	[99;101;383]	[[628,1.0,[99 101 383]];[1893,1.0,[99 101 383]];[9131,1.0,[99 101 383]];[15401,1.0,[99 1407]];[20120,1.0,[99 101 383]];[25664,1.0,[99 101 383]];[26401,1.0,[99 101 383]];[27479,1.0,[99 101 383]];[36818,1.0,[99 101 383]];[38061,1.0,[99 101 383]]]
375	[99;101;1217]	[[1156,1.0,[99 101 1217]];[4951,1.0,[99 101 1217]];[5017,1.0,[99 101 1217]];[9373,1.0,[99 101 1217]];[12299,1.0,[99 728]];[13927,1.0,[99 101 1217]];[14367,1.0,[99 93]];[19075,1.0,[99 101 1217]];[27765,1.0,[99 101 384]];[30669,1.0,[99 1407]]]
386	[87;642]	[[2520,1.0,[5 82 1399]];[3851,1.0,[5 82 1399]];[3983,1.0,[5 82 1399]];[4522,1.0,[5 82 1399]];[28865,1.0,[5 82 1399]];[32231,1.0,[5 82 1399]];[49424,1.0,[5 82 1399]];[59951,1.0,[5 82 1399]];[60677,1.0,[5 82 1399]];[74273,1.0,[5 82 1399]]]
397	[87;224]	[[5798,1.0,[88 734]];[11793,1.0,[5 1335]];[12310,1.0,[88 734]];[13685,1.0,[88 734]];[13971,1.0,[88 734]];[24289,1.0,[5 1335]];[29558,1.0,[88 734]];[35267,1.0,[87 224]];[40734,1.0,[87 224]];[42087,1.0,[87 224]]]
452	[87;224]	[[145212,0.75,[87 224]];[460803,0.75,[87 224]];[91688,0.75,[87 224]];[179787,0.75,[87 224]];[282978,0.75,[87 224]];[346580,0.75,[87 224]];[478239,0.75,[87 224]];[479812,0.75,[87 224]];[184870,0.75,[87 224]];[163861,0.75,[87 642]]]
463	[4;111]	[[2498,1.0,[88 231]];[6304,1.0,[88 235]];[7195,1.0,[88 235]];[17304,1.0,[88 235]];[17403,1.0,[619 375]];[21264,1.0,[88 743]];[26522,1.0,[88 516]];[31208,1.0,[88 231]];[40030,1.0,[628 565 724]];[44067,1.0,[4 53]]]
496	[4;56]	[[2003,1.0,[4 111]];[48577,1.0,[4 1443]];[50920,1.0,[4 1443]];[61843,1.0,[103 180]];[64340,1.0,[4 1435]];[90245,1.0,[4 111]];[134014,1.0,[4 111]];[147082,1.0,[4 53]];[152406,1.0,[4 1443]];[159446,1.0,[4 1447]]]
529	[87;224]	[[170919,1.0,[87 224]];[255454,1.0,[87 224]];[434424,1.0,[87 224]];[434743,1.0,[87 224]];[61800,1.0,[87 224]];[174330,1.0,[87 224]];[212082,1.0,[87 224]];[238493,1.0,[87 224]];[434722,1.0,[87 224]];[460891,1.0,[87 224]]]
551	[88;734]	[[135818,1.0,[88 734]];[380238,1.0,[88 734]];[9011,1.0,[88 734]];[342762,1.0,[88 734]];[355291,1.0,[88 734]];[368348,1.0,[88 734]];[488380,1.0,[88 734]];[137371,1.0,[88 734]];[458869,1.0,[88 734]];[448948,1.0,[88 734]]]
584	[5;84;205]	[[380762,0.6,[5 84 198]];[396845,0.6,[5 84 200]];[65735,0.6,[5 84 206]];[390303,0.5,[5 84 193]];[24752,0.5,[5 84 187]];[59028,0.5,[5 84 205]];[108748,0.5,[5 84 184]];[151120,0.5,[5 84 186]];[218924,0.5,[5 84 191]];[276850,0.5,[5 84 186]]]
595	[751;453;753]	[[683,1.0,[751 453 1157]];[4401,1.0,[99 728]];[10847,1.0,[88 231]];[14268,1.0,[88 734]];[17073,1.0,[5 81 1375]];[21682,1.0,[88 231]];[24949,1.0,[99 727]];[25796,1.0,[628 293]];[25972,1.0,[628 1193]];[27424,1.0,[87 401]]]
628	[99;101;383]	[[353,1.0,[99 101 383]];[1893,1.0,[99 101 383]];[9131,1.0,[99 101 383]];[15401,1.0,[99 1407]];[20120,1.0,[99 101 383]];[25664,1.0,[99 101 383]];[26401,1.0,[99 101 383]];[27479,1.0,[99 101 383]];[36818,1.0,[99 101 383]];[38061,1.0,[99 101 383]]]
639	[5;658;1383]	[[276,1.0,[88 734]];[1211,1.0,[5 658 1383]];[1585,1.0,[88 231]];[3906,1.0,[87 406]];[4104,1.0,[99 101 390]];[4731,1.0,[103 1457]];[5050,1.0,[99 101 1479]];[5314,1.0,[87 626]];[6447,1.0,[88 231]];[6502,1.0,[87 224]]]
672	[628;565;722]	[[56,1.0,[88 235]];[826,1.0,[88 230]];[848,1.0,[88 230]];[1464,1.0,[88 517]];[1860,1.0,[628 565 721]];[3961,1.0,[767 100]];[4610,1.0,[628 565 721]];[5028,1.0,[49 1485 733]];[5391,1.0,[87 219]];[6139,1.0,[88 230]]]
683	[751;453;1157]	[[595,1.0,[751 453 753]];[4401,1.0,[99 728]];[10847,1.0,[88 231]];[14268,1.0,[88 734]];[17073,1.0,[5 81 1375]];[21682,1.0,[88 231]];[24949,1.0,[99 727]];[25796,1.0,[628 293]];[25972,1.0,[628 1193]];[27424,1.0,[87 401]]]
694	[767;461]	[[1882,1.0,[767 461]];[2014,1.0,[767 461]];[2366,1.0,[767 461]];[3246,1.0,[88 235]];[3444,1.0,[767 461]];[4225,1.0,[767 461]];[6667,1.0,[767 461]];[7976,1.0,[767 461]];[8196,1.0,[767 461]];[8394,1.0,[767 461]]]
705	[87;642]	[[331,1.0,[87 642]];[3389,1.0,[87 642]];[4940,1.0,[87 642]];[5952,1.0,[87 642]];[5974,1.0,[87 642]];[6128,1.0,[87 642]];[7096,1.0,[88 230]];[7569,1.0,[87 642]];[7591,1.0,[87 642]];[9395,1.0,[88 230]]]
716	[5;84;200]	[[15258,1.0,[5 84 200]];[28029,1.0,[5 84 200]];[30174,1.0,[5 84 200]];[79718,1.0,[5 84 200]];[224280,1.0,[5 82 1399]];[268170,1.0,[5 84 200]];[300961,1.0,[5 84 200]];[345533,1.0,[5 84 200]];[439297,1.0,[5 84 200]];[471538,1.0,[5 84 200]]]
727	[87;642]	[[4874,1.0,[87 642]];[5413,1.0,[87 642]];[5556,1.0,[87 642]];[7910,1.0,[87 642]];[8724,1.0,[87 642]];[17777,1.0,[88 230]];[19614,1.0,[88 230]];[23387,1.0,[87 642]];[24751,1.0,[87 642]];[25433,1.0,[87 642]]]
738	[5;658;1383]	[[28315,1.0,[87 506]];[357039,1.0,[87 642]];[392558,1.0,[87 642]];[414789,1.0,[87 642]];[48369,1.0,[87 506]];[66167,1.0,[87 642]];[28603,1.0,[5 658 1383]];[46852,1.0,[87 506]];[214723,1.0,[88 230]];[352454,1.0,[88 230]]]
760	[88;230]	[[54374,1.0,[5 82 1399]];[132782,1.0,[88 230]];[142176,1.0,[88 230]];[165826,1.0,[88 230]];[192094,1.0,[88 230]];[207010,1.0,[88 230]];[212103,1.0,[88 230]];[255322,1.0,[628 565 724]];[286265,1.0,[88 230]];[74670,1.0,[87 642]]]
793	[99;101;386]	[[85592,1.0,[99 101 386]];[152109,1.0,[99 101 386]];[198958,1.0,[99 101 1217]];[233553,1.0,[99 101 386]];[302336,1.0,[99 101 386]];[386618,1.0,[99 101 386]];[2752,1.0,[99 101 386]];[28569,1.0,[99 1407]];[71447,1.0,[99 101 386]];[77585,1.0,[99 101 386]]]
804	[5;84;189]	[[38886,1.0,[5 82 1399]];[100112,1.0,[5 84 189]];[114907,1.0,[5 82 1399]];[152285,1.0,[5 84 189]];[168719,1.0,[5 84 189]];[247105,1.0,[5 84 189]];[262582,1.0,[5 84 189]];[263374,1.0,[5 84 189]];[278191,1.0,[5 84 189]];[305394,1.0,[5 84 189]]]
815	[88;230]	[[271346,1.0,[88 230]];[153967,1.0,[87 642]];[273742,0.75,[88 230]];[912,0.75,[88 230]];[17700,0.6666666666666666,[5 658 1383]];[125698,0.6666666666666666,[88 230]];[150052,0.6666666666666666,[87 642]];[155167,0.6666666666666666,[88 230]];[174505,0.6666666666666666,[99 101 390]];[179125,0.6666666666666666,[87 642]]]
826	[88;230]	[[56,1.0,[88 235]];[672,1.0,[628 565 722]];[848,1.0,[88 230]];[1464,1.0,[88 517]];[1860,1.0,[628 565 721]];[3961,1.0,[767 100]];[4610,1.0,[628 565 721]];[5028,1.0,[49 1485 733]];[5391,1.0,[87 219]];[6139,1.0,[88 230]]]
848	[88;230]	[[56,1.0,[88 235]];[672,1.0,[628 565 722]];[826,1.0,[88 230]];[1464,1.0,[88 517]];[1860,1.0,[628 565 721]];[3961,1.0,[767 100]];[4610,1.0,[628 565 721]];[5028,1.0,[49 1485 733]];[5391,1.0,[87 219]];[6139,1.0,[88 230]]]
859	[5;84;198]	[[825,1.0,[5 84 198]];[286871,0.8,[5 84 198]];[258690,0.8,[5 84 198]];[151155,0.8,[5 84 198]];[81555,0.75,[5 84 198]];[184020,0.75,[5 84 198]];[198507,0.75,[5 84 198]];[330815,0.75,[5 84 198]];[428792,0.75,[5 84 198]];[155949,0.75,[5 84 198]]]
903	[5;84;183]	[[214028,1.0,[5 84 183]];[256664,1.0,[5 84 183]];[458690,1.0,[5 658 1387]];[460758,1.0,[5 84 183]];[26534,1.0,[5 84 183]];[122300,1.0,[5 84 183]];[159150,1.0,[5 84 183]];[197199,1.0,[5 84 183]];[371593,1.0,[5 84 183]];[374222,1.0,[5 84 183]]]
914	[628;565;725]	[[215977,1.0,[628 565 719]];[42508,1.0,[628 1409 575]];[328454,1.0,[628 565 722]];[122832,1.0,[628 565 722]];[15156,1.0,[628 565 722]];[350701,1.0,[628 565 725]];[116150,0.6666666666666666,[628 565 722]];[254342,0.6666666666666666,[628 565 721]];[56,0.5,[88 235]];[672,0.5,[628 565 722]]]
936	[88;230]	[[209804,1.0,[87 642]];[408112,1.0,[87 642]];[412050,1.0,[87 642]];[425261,1.0,[88 230]];[486311,1.0,[87 642]];[53462,1.0,[87 642]];[70127,1.0,[87 642]];[91907,1.0,[87 642]];[143508,1.0,[88 230]];[245819,1.0,[87 642]]]
969	[87;642]	[[235764,1.0,[88 230]];[243156,1.0,[88 230]];[80016,1.0,[88 230]];[80940,1.0,[88 230]];[147160,1.0,[88 230]];[226162,1.0,[88 230]];[363860,1.0,[88 230]];[84242,1.0,[88 230]];[132664,1.0,[88 230]];[242268,1.0,[88 230]]]
980	[99;729]	[[1508,1.0,[5 84 198]];[1607,1.0,[619 179]];[1816,1.0,[628 732]];[2333,1.0,[628 279]];[2619,1.0,[5 85 1357]];[2718,1.0,[88 516]];[2784,1.0,[628 282]];[2883,1.0,[757 763 1271]];[2949,1.0,[5 84 182]];[3862,1.0,[5 84 208]]]
991	[87;224]	[[107848,0.6,[87 224]];[155159,0.6,[87 224]];[467300,0.6,[87 224]];[61171,0.6,[87 224]];[73326,0.6,[87 224]];[405152,0.6,[87 224]];[301632,0.5,[49 1485 733]];[162562,0.5,[87 224]];[316663,0.5,[87 224]];[420493,0.5,[87 224]]]
1024	[4;1447]	[[3554,1.0,[4 1443]];[7030,1.0,[4 1213]];[8581,1.0,[4 1447]];[10572,1.0,[4 1445]];[11397,1.0,[4 164]];[11848,1.0,[4 1443]];[11881,1.0,[4 65]];[14114,1.0,[4 1421]];[14400,1.0,[4 62]];[14807,1.0,[4 1447]]]
1046	[4;65]	[[1684,1.0,[4 65]];[1992,1.0,[4 1435]];[2432,1.0,[4 1441]];[6832,1.0,[4 1435]];[8933,1.0,[4 1443]];[11540,1.0,[4 1469]];[13432,1.0,[4 1449]];[19460,1.0,[4 65]];[22727,1.0,[4 111]];[23090,1.0,[4 65]]]
1057	[5;84;200]	[[3576,1.0,[87 224]];[13454,1.0,[87 224]];[21297,1.0,[5 84 208]];[72766,1.0,[88 516]];[72810,1.0,[628 1409 575]];[86142,1.0,[87 224]];[98528,1.0,[87 224]];[108406,1.0,[5 84 1345]];[113609,1.0,[87 506]];[173834,1.0,[5 84 194]]]
1079	[5;84;200]	[[83447,1.0,[5 82 1399]];[291512,1.0,[5 82 1401]];[380876,1.0,[5 82 1399]];[397871,1.0,[5 84 200]];[217615,1.0,[5 84 200]];[225359,1.0,[5 84 200]];[396585,1.0,[5 84 200]];[446745,1.0,[5 84 200]];[178203,1.0,[5 82 1399]];[258899,1.0,[5 84 200]]]
1101	[5;658;1387]	[[249545,1.0,[5 658 1383]];[316088,0.8,[5 658 1387]];[7833,0.75,[5 658 1387]];[80884,0.75,[5 658 1387]];[450023,0.75,[5 658 1387]];[372749,0.75,[5 84 206]];[430543,0.75,[5 658 1387]];[20750,0.75,[5 658 1387]];[188280,0.75,[5 658 1387]];[291966,0.75,[5 658 1387]]]
1134	[628;292]	[[2058,1.0,[99 728]];[6568,1.0,[88 235]];[27600,1.0,[88 235]];[28843,1.0,[88 231]];[29008,1.0,[88 231]];[31274,1.0,[628 1409 575]];[33353,1.0,[628 565 719]];[47389,1.0,[767 100]];[50073,1.0,[628 1409 575]];[50370,1.0,[628 1409 575]]]
1145	[88;230]	[[1109,0.8333333333333334,[88 230]];[3446,0.7142857142857143,[88 230]];[292733,0.6666666666666666,[88 230]];[279479,0.6666666666666666,[88 230]];[364630,0.6666666666666666,[88 230]];[458295,0.6666666666666666,[88 230]];[140066,0.6666666666666666,[88 230]];[160416,0.6666666666666666,[88 230]];[96507,0.6666666666666666,[87 1319]];[440180,0.6666666666666666,[87 1319]]]
1156	[99;101;1217]	[[375,1.0,[99 101 1217]];[4951,1.0,[99 101 1217]];[5017,1.0,[99 101 1217]];[9373,1.0,[99 101 1217]];[12299,1.0,[99 728]];[13927,1.0,[99 101 1217]];[14367,1.0,[99 93]];[19075,1.0,[99 101 1217]];[27765,1.0,[99 101 384]];[30669,1.0,[99 1407]]]
1167	[767;465]	[[228185,1.0,[628 732]];[248064,1.0,[628 1409 1415]];[297630,1.0,[751 453 753]];[119882,1.0,[5 82 1399]];[246569,1.0,[628 1409 1415]];[332611,1.0,[87 224]];[1996,1.0,[5 82 1399]];[23138,1.0,[751 453 753]];[129893,1.0,[5 1461]];[261717,1.0,[99 727]]]
1178	[99;101;382]	[[109968,1.0,[5 82 1399]];[280633,1.0,[87 219]];[286628,1.0,[99 1155]];[339285,1.0,[628 565 724]];[356445,1.0,[767 100]];[17041,1.0,[87 626]];[61734,1.0,[628 565 724]];[162593,1.0,[99 101 382]];[176167,1.0,[628 565 724]];[229902,1.0,[628 1193]]]
1211	[5;658;1383]	[[276,1.0,[88 734]];[639,1.0,[5 658 1383]];[1585,1.0,[88 231]];[3906,1.0,[87 406]];[4104,1.0,[99 101 390]];[4731,1.0,[103 1457]];[5050,1.0,[99 101 1479]];[5314,1.0,[87 626]];[6447,1.0,[88 231]];[6502,1.0,[87 224]]]
1222	[4;1441]	[[6524,1.0,[4 62]];[6931,1.0,[88 230]];[8405,1.0,[4 1463]];[8460,1.0,[4 1449]];[10319,1.0,[4 1437 1475]];[10396,1.0,[4 1443]];[13223,1.0,[4 64]];[14136,1.0,[4 65]];[14554,1.0,[88 230]];[23453,1.0,[88 230]]]
1244	[87;224]	[[5259,0.75,[87 219]];[118383,0.75,[88 734]];[215326,0.75,[88 230]];[253056,0.75,[5 1335]];[410070,0.75,[87 642]];[21760,0.75,[628 1409 1415]];[151703,0.75,[87 224]];[241804,0.75,[87 224]];[305318,0.75,[87 642]];[79918,0.75,[767 461]]]
1255	[767;771]	[[3224,1.0,[751 714]];[3499,1.0,[99 443 1199]];[6909,1.0,[88 230]];[7283,1.0,[5 84 1221]];[13036,1.0,[628 565 722]];[13322,1.0,[88 517]];[14840,1.0,[3 1289]];[17986,1.0,[5 82 1399]];[22694,1.0,[757 763 1287]];[24806,1.0,[99 93]]]
1266	[87;224]	[[462834,1.0,[87 224]];[366046,1.0,[87 224]];[16470,0.8,[87 224]];[356929,0.75,[87 224]];[378742,0.75,[87 224]];[443081,0.75,[87 224]];[449197,0.75,[87 224]];[208155,0.75,[87 224]];[288312,0.75,[87 224]];[337878,0.75,[88 734]]]
1277	[5;82;1399]	[[419269,1.0,[5 82 1399]];[66823,0.75,[5 82 1399]];[24619,0.6666666666666666,[5 82 1399]];[73624,0.6666666666666666,[5 82 1399]];[178927,0.6666666666666666,[5 82 1399]];[327691,0.6666666666666666,[5 82 1399]];[347689,0.6666666666666666,[5 82 1399]];[347821,0.6666666666666666,[5 82 1399]];[418408,0.6666666666666666,[5 82 1399]];[421433,0.6666666666666666,[5 82 1399]]]
1288	[5;658;1385]	[[12079,1.0,[5 658 1385]];[17227,1.0,[5 658 1387]];[21572,1.0,[5 658 1387]];[23706,1.0,[5 658 1385]];[56871,1.0,[5 658 1385]];[58796,1.0,[5 658 1387]];[60314,1.0,[5 658 1385]];[63812,1.0,[5 658 1385]];[63966,1.0,[5 658 1385]];[66078,1.0,[5 658 1387]]]
1321	[88;734]	[[161041,0.8,[88 734]];[455434,0.8,[88 734]];[38514,0.8,[88 734]];[162715,0.8,[88 734]];[3260,0.8,[88 734]];[127230,0.8,[88 734]];[388381,0.8,[88 734]];[169812,0.8,[88 734]];[48813,0.8,[87 405]];[54390,0.8,[88 734]]]
1354	[628;1409;1417]	[[84217,1.0,[628 1409 1417]];[318055,1.0,[628 293]];[497047,1.0,[628 1409 1417]];[422820,1.0,[628 1409 1417]];[452245,1.0,[628 1409 1417]];[242069,1.0,[628 1409 1417]];[175058,1.0,[628 1409 1417]];[233644,1.0,[628 1409 1417]];[278975,1.0,[628 1409 1417]];[333238,1.0,[628 1409 1417]]]
1376	[88;734]	[[78,1.0,[88 734]];[320,1.0,[88 734]];[12266,1.0,[767 465]];[17106,1.0,[88 734]];[17238,1.0,[87 224]];[17799,1.0,[87 224]];[18668,1.0,[87 224]];[20483,1.0,[87 224]];[21000,1.0,[87 405]];[24839,1.0,[5 1335]]]
1387	[5;82;1399]	[[1552,1.0,[5 82 1399]];[1750,1.0,[5 84 188]];[3268,1.0,[5 84 188]];[10858,1.0,[5 82 1399]];[15544,1.0,[5 84 188]];[17623,1.0,[5 84 188]];[31725,1.0,[5 82 1399]];[33287,1.0,[5 82 1399]];[45805,1.0,[5 84 188]];[49314,1.0,[5 84 188]]]
1398	[87;506]	[[25818,1.0,[87 506]];[167696,1.0,[87 506]];[221673,1.0,[87 506]];[246027,1.0,[87 506]];[265277,1.0,[87 506]];[274374,1.0,[87 506]];[285539,1.0,[87 506]];[456996,1.0,[87 506]];[482824,1.0,[87 506]];[486872,1.0,[87 506]]]
1409	[88;230]	[[41922,1.0,[88 230]];[50788,1.0,[88 230]];[61326,1.0,[87 642]];[79839,1.0,[87 642]];[95646,1.0,[88 230]];[124037,1.0,[88 230]];[130670,1.0,[87 642]];[173735,1.0,[87 642]];[195790,1.0,[87 642]];[218318,1.0,[88 230]]]
1442	[3;1307;15]	[[67,1.0,[3 1307 15]];[342,1.0,[3 1307 15]];[2454,1.0,[3 1289]];[11771,1.0,[3 1307 15]];[13586,1.0,[3 1307 15]];[15929,1.0,[3 1307 15]];[17161,1.0,[3 1307 14]];[19306,1.0,[3 1307 14]];[19812,1.0,[3 1307 14]];[20505,1.0,[3 1307 14]]]
1453	[87;642]	[[2806,1.0,[88 230]];[3257,1.0,[87 642]];[3763,1.0,[87 642]];[7008,1.0,[88 230]];[7712,1.0,[88 230]];[11650,1.0,[87 642]];[12508,1.0,[87 642]];[13234,1.0,[87 642]];[17040,1.0,[87 642]];[17458,1.0,[87 642]]]
1464	[88;517]	[[56,1.0,[88 235]];[672,1.0,[628 565 722]];[826,1.0,[88 230]];[848,1.0,[88 230]];[1860,1.0,[628 565 721]];[3961,1.0,[767 100]];[4610,1.0,[628 565 721]];[5028,1.0,[49 1485 733]];[5391,1.0,[87 219]];[6139,1.0,[88 230]]]
1475	[5;82;1399]	[[2201,1.0,[757 1265]];[42725,1.0,[767 461]];[68135,1.0,[767 461]];[71743,1.0,[767 461]];[77727,1.0,[5 1335]];[86164,1.0,[5 658 1387]];[87143,1.0,[5 658 1387]];[88199,1.0,[767 100]];[88276,1.0,[5 658 1387]];[88430,1.0,[767 461]]]
1508	[5;84;198]	[[980,1.0,[99 729]];[1607,1.0,[619 179]];[1816,1.0,[628 732]];[2333,1.0,[628 279]];[2619,1.0,[5 85 1357]];[2718,1.0,[88 516]];[2784,1.0,[628 282]];[2883,1.0,[757 763 1271]];[2949,1.0,[5 84 182]];[3862,1.0,[5 84 208]]]
1519	[5;84;189]	[[3807,1.0,[5 81 1365]];[14906,1.0,[5 84 196]];[16061,1.0,[87 642]];[19119,1.0,[5 81 1377]];[41262,1.0,[99 101 382]];[49677,1.0,[767 773]];[57795,1.0,[99 93]];[82127,1.0,[5 1335]];[82798,1.0,[5 84 181]];[94755,1.0,[5 81 1369]]]
1530	[4;1437;1473]	[[6216,1.0,[99 443 1201]];[9747,1.0,[4 1213]];[9835,1.0,[4 65]];[10352,1.0,[4 1437 1471]];[12376,1.0,[4 1445]];[15060,1.0,[4 164]];[15500,1.0,[4 65]];[17084,1.0,[4 62]];[17381,1.0,[4 65]];[21286,1.0,[4 65]]]
1541	[5;84;186]	[[12717,1.0,[628 279]];[14147,1.0,[5 84 192]];[33694,1.0,[4 1443]];[39909,1.0,[3 1307 15]];[43759,1.0,[628 282]];[47884,1.0,[4 1443]];[64802,1.0,[5 84 186]];[68113,1.0,[5 84 205]];[69136,1.0,[4 65]];[69708,1.0,[5 84 186]]]
1552	[5;82;1399]	[[1387,1.0,[5 82 1399]];[1750,1.0,[5 84 188]];[3268,1.0,[5 84 188]];[10858,1.0,[5 82 1399]];[15544,1.0,[5 84 188]];[17623,1.0,[5 84 188]];[31725,1.0,[5 82 1399]];[33287,1.0,[5 82 1399]];[45805,1.0,[5 84 188]];[49314,1.0,[5 84 188]]]
1574	[4;64]	[[3191,1.0,[4 64]];[11969,1.0,[4 64]];[15874,1.0,[4 64]];[44463,1.0,[4 64]];[47752,1.0,[4 1449]];[54352,1.0,[4 64]];[123080,1.0,[4 64]];[139569,1.0,[4 64]];[147896,1.0,[4 64]];[174956,1.0,[4 64]]]
1585	[88;231]	[[276,1.0,[88 734]];[639,1.0,[5 658 1383]];[1211,1.0,[5 658 1383]];[3906,1.0,[87 406]];[4104,1.0,[99 101 390]];[4731,1.0,[103 1457]];[5050,1.0,[99 101 1479]];[5314,1.0,[87 626]];[6447,1.0,[88 231]];[6502,1.0,[87 224]]]
1607	[619;179]	[[980,1.0,[99 729]];[1508,1.0,[5 84 198]];[1816,1.0,[628 732]];[2333,1.0,[628 279]];[2619,1.0,[5 85 1357]];[2718,1.0,[88 516]];[2784,1.0,[628 282]];[2883,1.0,[757 763 1271]];[2949,1.0,[5 84 182]];[3862,1.0,[5 84 208]]]
1640	[99;101;383]	[[26016,1.0,[99 101 390]];[61623,1.0,[99 101 383]];[109451,1.0,[619 625]];[146763,1.0,[99 101 383]];[200982,1.0,[99 443 1201]];[203094,1.0,[99 101 383]];[225875,1.0,[99 729]];[239966,1.0,[99 101 383]];[259403,1.0,[628 282]];[315679,1.0,[99 1155]]]
1651	[628;565;722]	[[2586,1.0,[4 64]];[8515,1.0,[87 401]];[14037,1.0,[628 565 725]];[14323,1.0,[767 431]];[20252,1.0,[628 1193]];[22100,1.0,[628 1409 1291]];[22782,1.0,[88 231]];[29195,1.0,[87 642]];[29767,1.0,[767 431]];[31296,1.0,[87 219]]]
1684	[4;65]	[[1046,1.0,[4 65]];[1992,1.0,[4 1435]];[2432,1.0,[4 1441]];[6832,1.0,[4 1435]];[8933,1.0,[4 1443]];[11540,1.0,[4 1469]];[13432,1.0,[4 1449]];[19460,1.0,[4 65]];[22727,1.0,[4 111]];[23090,1.0,[4 65]]]
1717	[87;626]	[[6777,1.0,[87 642]];[10231,1.0,[87 224]];[15181,1.0,[88 734]];[38347,1.0,[88 734]];[39403,1.0,[87 506]];[42648,1.0,[88 734]];[48874,1.0,[88 734]];[59258,1.0,[88 734]];[70775,1.0,[767 100]];[74570,1.0,[87 506]]]
1728	[5;658;1383]	[[50546,1.0,[5 658 1383]];[57487,1.0,[5 658 1387]];[75274,1.0,[5 658 1383]];[109429,1.0,[5 658 1383]];[110540,1.0,[5 658 1383]];[113455,1.0,[5 658 1383]];[204326,1.0,[5 658 1383]];[323170,1.0,[5 658 1387]];[330122,1.0,[5 658 1387]];[351891,1.0,[5 658 1383]]]
1750	[5;84;188]	[[1387,1.0,[5 82 1399]];[1552,1.0,[5 82 1399]];[3268,1.0,[5 84 188]];[10858,1.0,[5 82 1399]];[15544,1.0,[5 84 188]];[17623,1.0,[5 84 188]];[31725,1.0,[5 82 1399]];[33287,1.0,[5 82 1399]];[45805,1.0,[5 84 188]];[49314,1.0,[5 84 188]]]
1761	[5;1335]	[[1926,1.0,[5 81 1365]];[2630,1.0,[628 1193]];[4929,1.0,[5 84 190]];[7338,1.0,[5 84 190]];[9681,1.0,[5 84 190]];[19625,1.0,[5 1335]];[22045,1.0,[5 82 1399]];[29173,1.0,[5 1335]];[32099,1.0,[5 84 190]];[33298,1.0,[5 84 190]]]
1772	[87;224]	[[361573,1.0,[87 224]];[11449,1.0,[88 734]];[99135,0.8,[88 734]];[124158,0.75,[88 734]];[134740,0.75,[87 224]];[188706,0.75,[87 224]];[191929,0.75,[87 224]];[219946,0.75,[88 734]];[276123,0.75,[87 224]];[334951,0.75,[88 734]]]
1783	[628;279]	[[9604,1.0,[5 82 1399]];[12464,1.0,[5 82 1399]];[22606,1.0,[628 1193]];[25994,1.0,[619 375]];[28788,1.0,[628 584]];[29910,1.0,[5 82 1403]];[34926,1.0,[5 1335]];[40063,1.0,[5 1335]];[46520,1.0,[5 1335]];[50953,1.0,[767 1517]]]
